1805
Top visible:
020110220332333020110144320304042020444223003535441353331002333431100300241023221210123003331021020
  2 2          2332 33   3442 3  1 2    5 55  4   5  4543343      2 2  2   2  343  33  32   21 2   
                  42    44  4     45  5  4              55 45 5  54 4 2 3   44  442     3         2
   2  3 2      3 4              545    5           5            4 51 4    33       4 3       3     
1    1                                                 5        5     34                        1  
           3       4         55     5    5    5  5        5         5   5  4        4           3  
               4           5                                 4     5                           3   
    3        4  4   44                      4      6 66        5          455          44         3
 3   3     4                            66          6    6   5        4       5             3    3 
3      3                    5                     6     6 6 6 66     5         5      4       3    
  33    34                            6     56             6    6        5        4                
                    5    5      6   66        66                       5  5  5   5         4       
                  5  5         5 6 6                   6                                  4        
       4           5  5     6 66                56                                5  4             
                          5                      7 7             6 6  666            5   4    4    
                                       6  6   7                      6             5           4   
            4 4         5                7     76 7  77   77 67     6       6   5                  
    4 4        5                     7      7   7   7  7                     6        5 5          
              5  5    6  6         7    7 7                    7                                   
  4                                 7  7                                  66        5        4     
     4  4  5         6       6   7           7                                 66      5           
                  6    5     7  7                       77             7          6       5        
 4           5  5  6        7              78  8   8              7                         5     4
   4     55 5       6     6             8                  8     7  7            6 6     5 5    4  
       5                          7       88 88 8 8   8  8   88      77 76          6            4 
                 6                   8              88 8  8                          6       5     
                6      6   7      88   8                        7           7                      
      5       6          7          8                          88  7          6                    
               6        7     7                             7     8                            5   
     5                         8 8    7                 8   8      888                             
    5        6                  8     8    9     9   9   99      8         7          6            
                      77     8                     9  9                                       5    
   5                                     8                   9               7  7        6      5  
        5  6       7                  9  99     9                                      6           
          6 6       7      8         9            9     9       9     88 8    7                  5 
4                         8        99       9          9    9             8      7                 
                                                    9         9         8      7                   
                                        9                                                          
                        8   8   9              9               9 999                              5
                7                                                   9                              
                 7                           9                                            6        
                                  9    9                             9             7    6          
 5                     8      8  9                                                         6       
  5      6               8    9               9                            8 8    7                
5                              9                                                                   
                                                                              8      7      6      
       6                                                                    8                      
        6         7          9                                                                     
                                                                                                   
                                                                                                   
                     78                                                             7              
              77                                           9                                       
                                                                                                   
                                                                                                   
                                                                                             6     
                                                                                                   
                                                                      9                            
                                                                                                   
                                                                                                   
                                                                                                   
                                                                                                   
                                                                                                   
                                                                                                   
                                                                                                   
                                                                                                   
                                                                                                   
                                                                                                   
                                                                                                   
                                                                                                   
                                                                                                   
                                                                                                   
                                                                                                   
                                                                                                   
                                                                                                   
                                                                                                   
                                                                                                   
                                                                                                   
                                                                                                   
                                                                                                   
                                                                                                   
                                                                                                   
                                                                                                   
                                                                                                   
                                                                                                   
                                                                                                   
                                                                                                   
                                                                                                   
                                                                                                   
                                                                                                   
                                                                                                   
                                                                                                   
                                                                                                   
                                                                                                   
                                                                                                   
                                                                                                   
                                                                                                   
                                                                                                   
                                                                                                   
                                                                                                   
Bottom visible:
                                                                                                   
                                                                                                   
                                                                                                   
                                                                                                   
                                                                                                   
                                                                                                   
                                                                                                   
                                                                                                   
                                                                                                   
                                                                                                   
                                                                                                   
                                                                                                   
                                                                                                   
                                                                                                   
                                                                                                   
                                                                                                   
                                                                                                   
                                                                                                   
                                                                                                   
                                                                                                   
                                                                                                   
                                                                                                   
                                                                                                   
                                                                                                   
                                                                                                   
                                                                                                   
                                                                                                   
                                                                                                   
                                                                                                   
                                                                                                   
                                                                                                   
                                                                                                   
                                                                                                   
                                                                                                   
                                                                                                   
                                                                                                   
                                                                                                   
                                                                                                   
                                                                                                   
                                                                                                   
                                                                                                   
                 7                                                                                 
                                                                                                   
                                                                                                   
                               9                                                                   
                                                                                                   
                                                                                                   
                             9                                                8                    
       6                                                                                           
                                                                                                   
                  7           9                                                                    
5             7                                                                      7             
                                                           9                                       
                                9                                                                  
                          8                                                                  6     
                                                                                                   
                      8                                               9           7         6      
        6                8                                                                         
               77      8                                             9                             
 5                      8                                                          7 6             
                                 99                          9     9        88                     
                                                               9    9    8 8               6       
         6   6                           9                                       7  7            5 
  5                                99                            99    8                           
    5     66                 8  8                     9                                6 6        5
                   7                              9         9                                      
            6          7   8   8      9   9      9   9          9       8 8               6     5  
   5                        8 8      9  9  9  9             8  8                        6          
                    7 7                9               9 9    9       8     7                      
      5                             8   8    9 9   9      9                   77 6                 
                         7      7           9     8     9        8   8          7   6              
 4                   7                          9   9 8             8        7                5    
4    5  5                        8 8  8       8      8           7 8    7     6                5  4
                                      78   8                    8                     6            
              6         7 7  7    8         8      8    8 8         7     7                        
       5 5     6     6     7         8          8  7         8             7                       
                6                               78    7  8 8  8          7         6         5     
      4          6          7 7  7        8                                 6          5  5 5      
          5       6   6        7   7         8 8       8                     6  6 6                
          4 5                     7                  7              67 7       6        5  5       
  4           5                         7     7                    7  7               5            
    4      5 5  5   6      6             7    6                7  7                 5              
     4                  6   6                                          66 66     5       5  4      
   4           5       6     6      7          7          7  77                         4      4 4 
                         6             7    77             77                5                  4  
        4  4              6   6   5        7 6     6   7776                       5                
                 5                 6             77 7                6   6           5     4       
              3  4 5           6 6     6                 6 6     6                    4       4    
       4          5             6     6         6           6  6          5        5         4    3
         4           5           5          6         6      6     5           5                   
    3               5    5          6   66              6       6      5             4    4  3     
333          4        5        5     6        5   6 6         6        455 55                      
   3        4   4      55 555             66    46  56        5       5 4     5  4    34 4      3  
               4  4           5                6  4 4            5                               3 
2    33 3              2        5               3 3               5     2       4  3      23      2
   2                  4      5  3   5               3    5         4      4  4     2       2       
     2   3 3    3        3 44     45 5   5         5    5 5  5   44 55 3  3 4   3   4          3   
   1   322  3322 2 4 431 2322   24 2   5 435 54     255 24455445 3 3 342   4 244     1 3 11 323    
122021200131211021314010312001241211235253115315252213451111223452204220130001212341202130012001221
Left visible:
02       3            4                      5                                                     
0 2             3         4             5                                                          
0        3        4                5                                                               
01 2  3          4              5                                                                  
1     2     3     4               5                                                                
12         3     4           5                                                                     
01 2       3   4           5                                                                       
01  3        4                         5           6                                               
03         4               5            6                                                          
3                 4         5                     6                                                
3        4                         5  6                                                            
0 2  3   4          5           6                                                                  
02  3            45             6                                                                  
3      4           5        6                                                                      
23         4         5         6                 7                                                 
02  3            4  5            6            7                                                    
3      4           5        6            7                                                         
2  34          5                6    7                                                             
0123   4      5       6            7                                                               
3 4           5               6     7                                                              
1  3 4     5         6           7                                                                 
0 4        5      6          7                                                                     
34           5    6         7               8                                                      
2 34     5          6                   8                                                          
3      5           6         7            8                                                        
12     5         6                  78                                                             
2 3      5      6          7      8                                                                
0 3  45       6          7          8                                                              
1  4   5       6        7                          8                                               
3    5              6        7 8                                                                   
3   5        6                  8          9                                                       
2   5           6     7      8             9                                                       
1 35                6        7        8          9                                                 
0235       6       7           8      9                                                            
3    5    6         7      8         9                                                             
4          6             78        9                                                               
04    5       6    7                 9                                                             
3 4  5         6    7      8       9                                                               
34          6           8       9                                                                  
4         5  6  7       8                  9                                                       
4         56     7           8  9                                                                  
0125             7          8     9                                                                
15          6          8         9                                                                 
4 5      6         7   8      9                                                                    
5                  6   8       9                                                                   
15       6      7         8      9                                                                 
4      6        7      8        9                                                                  
5       6         7          9                                                                     
14     6           7             9                                                                 
2  5      6               7       9                                                                
5       6         7   8       9                                                                    
5       6     7           8         9                                                              
4  5         6 7       8        9                                                                  
125      6      7      8        9                                                                  
45             6          8      9                                                                 
4         6        7  8               9                                                            
13    4 6             8                  9                                                         
024    56      7        8        9                                                                 
4    5   6     7       8          9                                                                
15       6            7 8          9                                                               
2 5        6        7       8    9                                                                 
23   4    6               7  8          9                                                          
2 5      6          7      8            9                                                          
035       6         7         8    9                                                               
0 125     6            7   8         9                                                             
4      5           7                 9                                                             
4       5   6        7     8         9                                                             
3  5                  7     8        9                                                             
0 34 5              7             8    9                                                           
2 4  5        6      7              8        9                                                     
1 4  5          6       7                  89                                                      
4       5            7                        8 9                                                  
4    5        6            7     8                                                                 
124      5    6           7            8                                                           
2  3     5    6         7         8                                                                
1  3  45       6           7         8                                                             
13     4        6                7               8                                                 
3  4         5   6          7             8                                                        
03      4 5       6            7             8                                                     
123     4  5             6        7                                                                
014           5     6                   7                                                          
1 3 4      5        6                    7                                                         
3    4                 56                   7                                                      
2  4           5       6            7                                                              
12          4      5     6             7                                                           
3       4                 6                7                                                       
123            4 5                 6             7                                                 
2 3    4           5           6                                                                   
23     4          5             6                                                                  
3        4           5               6                                                             
13           4      5               6                                                              
3            4        5              6                                                             
2  3        4          5                  6                                                        
02      3      4              5                6                                                   
2    3                         45                                                                  
0 2        3        4        5                                                                     
02     3                   4       5                                                               
12     3           4                   5                                                           
12        3         4                 5                                                            
Right visible:
                                                    5                    4                 3     20
                                                      5                        4       3         20
                                                                 5               4      3         2
                                                                  5                4         3    1
                                                                5        4             3         21
                                                                        5           4           3 2
                                                                        5                       3 1
                                                      6                     5           4         3
                                                         6                    5    4             31
                                                               6               5      4        32 0
                                                                6        5         4             30
                                                               6                 5         4   32 1
                                                         6                     5          4      30
                                                               6                  5   4          31
                                                   7                    6            5        4  30
                                              7                      6             5           43 1
                                                              7             6   5              4  2
                                                       7                     6          5       320
                                                               7                 5         4 3    2
                                               7                            6       5        4    2
                                                           7                    6      5   4      2
                                                                       7          6       5  4    2
                                                   8              7         6               5     4
                                                           8           7           6       5    4 2
                                                              8         7           6  5         41
                                                           8            7            6       5   42
                                                              8             7       6        5    4
                                                                8      7             65    4     30
                                                                  8         7        6         5  4
                                                                     8          6    5            4
                                                          9      8         7          6         421
                                                      9        8                 6            5  42
                                                             9                  7        6      5 3
                                                          9         8   7              6    5 4  32
                                                                9        8    7   6              52
                                                            9             8      7       6        3
                                                                9       8       7 6       5       4
                                                       9                 8      7      5        4 1
                                                                   9       7             6        5
                                                                    9            7   6        5 3 2
                                                          9              8     7          6   5 4 2
                                                                     9   8         7    6       5 3
                                                                  9       8     7          6     54
                                                                     9       8     7    6       542
                                                              9     8              7              5
                                                                9             8      7      6     3
                                                                   9        87            6       5
                                                                  9           8 7           6    43
                                                                    9  8           7      6   5 4 2
                                                                9           8        7     6      5
                                                                   9        8       7     6   5   4
                                                                    9        8       7   6  5  4  2
                                                                     9     8    7           6     5
                                                                9    8             7     6      5 3
                                                                  9          8  7            6   54
                                                                     9 8          76    5        43
                                                                      98            7       6   5 4
                                                                     9             7          5  43
                                                                     9                 6         53
                                                             9               8     7    6       542
                                                                   9         8    6             543
                                                                    9      87              6   52 1
                                                                  9 8               7  6         54
                                                                  9    8     7        6         5 3
                                                      9                 8                6        5
                                                            9        8         7 6            5   4
                                                                9         8   7           6     5 1
                                                          9      8            7         6  5     41
                                                              9       8         7     6     5    40
                                                          9          8          7 6           5 4 2
                                                        9            8          7   6         5 4 2
                                                    9               8        7        6       5   4
                                                                   8    7     6                5  4
                                                                8         7           6     5    31
                                                              8           7 6        5 4 3        2
                                                             8             7             5     4 31
                                                              8          7         6         5 42 1
                                          8                       7            6            5     2
                                                       8             7            6        5    420
                                                                       7       6           5    4 1
                                                                      7  6            5         4 3
                                                                  7        6        5       4 3   0
                                                              7            6             5   4   30
                                                              7          6 5                     43
                                                            7  6                  5             410
                                                         7           6            5       4       3
                                                    7                    6           5     4     32
                                                                 6          5                 4   3
                                                               6                   5         4    3
                                                             6                 5         4   3   21
                                                                6      5                  4  3   21
                                                              6             5    4  3            21
                                                     6                        5          4       31
                                               6                  5            4                 30
                                                                     5            4           3   2
                                                             5                    4           2 1 0
                                                                     5              4          31 0
                                                                5                 4           3 2 1
                                                                5                 4     3        21
Invisible:
                                                                                                   
 0 1 0010112022    0  233    2 40 0 0331 1  33 123 32       233301 0 10 130 10   11  12  022  0 0  
 00000000 01021002  3224  23 10311  21 24 54344422331454  2  1 33  0 2 2 102  31   30233 120010201 
  1 00 0 010212 3 42221333434333   2314 32352111122 335153344122 1  2 1203  4032200 2 2020212 1001 
 1011  00102 10120 111010203332322 53451433422452123235 23445352 32144  1 3032323213200 01101020   
  200102011 01131 0 312141302  43341 1233 1114 23 53313553 151542151 411 00 21204113 13212021112 0 
  1 1021100 201 20103123304 135441141453114523343551441115214 14521 4223 1202210110211122131132  1 
  10 02003122 03 122  34214241313322323 4415 242345 5  34321531 3142412454   1344224331  320211130 
  102 12022 010220144244342 112413343311  4324433223 3352 434 35252444 3222142 3301 33121213 1130  
 310333 1100013013 311142142 354332314322252342323 64645 3 3 2  22312 345214544 412332 1323232   0 
 1  2002  3024104421322113213112213 43 56434  2542642225532 2343 32435211 11444143  1300232101311  
 0 20 011 1010134334 4134 414341 333  53352335  235623536644652 4452234 53 52 153 212304113 330  1 
  20 032331132312  42 211543453   2 3523433246524244645 6 454252232245214535532 2234321033 033231  
 312222 30100320434 24 42325 5  5256426536435254  6436633323343 525345442144122425 11  3123102212  
  113323300 211422411 3125 4433 33335553454345324 5 6262364243346 3 32   344135512442 413 3332 30  
  02 111320000221 14 443133533534 53326 64 544 4363645366343345466265 4455432534241 12233220002  1 
 110323 0032 1 3234 1542 544 446635225634 63535  3 44  365  6  46342 5324425 424 13224234324131 21 
 10  2 13212232 4242145223223454 6433 363334 344 433 73 655346533342352242543 53435235 1 0302110   
    020 202313 12 2513 43 523262654 4635 6 33637455663764376436 34352545425434331 432411240 2 1220 
 0 04241023312 532432523224245 63443 63 5373464 53353556563656366533454255   5554245 24241400 0212 
 00 2 14 33 411111343 2436552 556 53335435457 5465375466364 5443534544432566234  532421 244 222021 
 0 31000231 421423 3456 26423 56 44566543674333346764754  5443476535366 5423652333 1541321 30 1112 
  01001331332 43 1  25345623 76446567354776  64 447 54646765556636 356464565 232234535322354 13020 
 2  22234  5 4123433 65355 3654643463663 677566744474456775 63773 75 66 635354324 2 44235 1 3142 0 
 012023 23523113323 465444656 3543 6644665  7  6 7 854 47 585  356564  3  6244445222 14 432124400  
  10102 432225554 522625235356663453  57754558467585  7 67  567566653645 635324363526 3334521 203  
 2 123122 124443 555362 454 675634  464 8646785887765576668545 6 54375563636 3526236 45213411 1222 
 0 31  1114245 4536645654 6333555654 45565878476575468776548666  54 677 366354 226523  4423 12323  
 00 343 1354142 23236353 35657 45766665557455465675 44665578 67675 744765565 46425552 234422254 12 
 1003 12225113433224 45566654 7 7 7857 67766758766856778 744 758448   4436445353 2322 434423444200 
 323 55244214 233454434465564645 86768 8867 88657 556 865  766668 465755335 4555565664 243433122   
 122 24325452225 52653  37636 5747848877876 6558698 87 68675547 55656555445333366 244453251415 33  
 1  3512125353444254 64636434 45567575 87 6765756 55767859987 645464664755563 65 56526654 254424 1 
    3115 25 5564435 35346654767 447857 88  66685 655587676 566778658 646 63565366352565 2313 2 21  
 3223 3114 5 3345563 577656 765747745 985897785759 87797 8558786 45464  4 5435 365 43522553455343  
 2331233134 3533455456465  64646654  6866978 7669557686 6578 5766548845856 376747 3545242 22122313 
  2131 5525552 3354 43543765677445776 75766556868879 795996865 5 6857774 644655  4 4334245 4141114 
 1 33 533542324 3345 667677 5478487 6688 66886769898999 68757788586756747 453577 333543 32331142 1 
  2431321343 52634443346 548 667 78975985696877 866777899677797 5   6774647 5336555646542 22531241 
 431223313 24 43 4355445 745865858578755688 878866667877678798675685 447544446666 633 55522444 2 2 
 343321224  32364 34455647666 75 666569568769 876797666897 88876787655485 74774 4536465533 434 1 2 
    1521422543344 4646777774 77765 7697 76998888987789798887796967785 558 776546643 3336 5342324 2 
  1212435544 2233563454 655777 75 66867886867777679699887698988956 7785786 65545 4656355443 45421  
 2 332155 433426566 667 8 8575 898887887678888 9689899798688796666757 55465 5 6677  3623 3434424   
 315324142232434454 634 8485758 577796877989999788779877666798 65558 76544775744734 34225252411521 
  5245334 555553 657566456 856876 789787878889777899879988777787 6686666588544 434733 533346 13132 
 422232 36553535 354557 84887587 7969978998977898879879796869777888 88878484  563664644353 2421235 
 3234243 423523433 4337456664 565796978689677778887988977986779775 85585775684 4 36446422543 3441  
  41311 26434554463 7457566657777 9867686966789887779897988897886888 57 74567655333 663625 253 4 1 
 12 311255 265446454635465 7565555 58799787887797779999799888698 58568564885 74666766 35345 455421 
 1552113 425625643 33  8668547 678969698799898997799778889869967766 77767778 7634766 46536 543 231 
 3311545 34655  7355445764 785576555 6787797977789799797797 87997988 78654454 4745577 522 25 31 12 
 32 541424453 3 6647636 78784667 89697789988777979797897996 889696765 86666 4473 66556525623 23115 
   253442 253454 664646 77846857 5677879768889878797978999789776 5756 5547765743345 36244 432521 3 
  1335344244435 3535454555 745856 99567779868887799878899867977959 7567786655 44 464563253543 415  
 122213124 43626435 53 786557657577867 997969899879799897898997777656 6 6466467474  4343 32344124  
  2123 3 5344433545535 648448577756867877 8978787799899668779686595585  4457644565 3 6254264 254 4 
   1431  436353 36354736  5476858 87768978898698789976987668878886568 7457456573745 5444555434 22  
 1313 313 43263  567557 8668785685 9957868689889887898688888897699957 64455656556464353 435252223  
  1155234 255244554545 6 6688656676 7998867766977789869686769 668757855454677 47534 6 36 5445441   
 2 33543233 66566446 5544647 6765  66885998978868766798998787 55777 68668475  6436 4352344525425   
  131 4143 345436565644544 64 7856686656 9968677877867679686575 8997 5548 8  44355463456323 245  1 
 1 225154 242 446666 536475 848667668567  777898688869799678789658 5 655666655664 63 23 523452352  
   3541514 642463634 656474544 8888  6657567697887687779766568958  5458 44464 35555354 242434541 3 
 0   32522  44243334336 457 4 86 5776 6576876956987767 87878766766685545 64636355333223 3 35153152 
 321141 32442343444 44733364556654675 568565967776 775776598 55788485 447647647 4 332533553451 334 
 4023133 123 22442356 7 766 666 54646  576 997779 877 6796776767 8556674 7 735 43562224245 52132 1 
 21 333131134245333555 65565 7 557845 87 76 99 87568878769 8 58 6 457756543476 436643323 41 32121  
 0  1 21121344253435 5 57444676746 6668 878879569775678 8 9778 5877647 47533 765 63632 25515 2132  
 2 44  2533343 434526 43474634674544 877 5577 5 758 985797 8555487687 77644644     52255545332 2 2 
 1 02 4311134454 2556535  734665 7757477646  77558 76885 87748746 477 6465333654 436 252214133 3 0 
  443144 545324552322 333655355557746564665446 7 557 5 5566577564566 66345754 65556622 3414234 243 
 1044 11 12512 462226236353 55455 8 54 6745877 844757 68847576644 5 6446 63443 4443253524223343 24 
   340412 3543 43263666355 55576374474  545 74748665576686485485 474344357 53434235535 53532 3122  
 00 13132 4112 432532542 4 43 5364 665476755 545587 7555 4 765 46557 77343 6 45445453 4 1 21221121 
 01 33  4 45223 43623 55465 565763567 5656755457 85 654566747 5763465474656 2522422254131 31411 0  
  12331 23233413 6245232435554365 65545574774767  5475 76 4 66 4533555544 433253332 544433554 1  0 
 21 11 024344 515 6453535264 3 56 63444567 46554465464446465455445 453364355 62 5254512 31 2 21011 
  013103 3 5454454 444 45654644 557 344753366 5 5664765 5577545346763 3334265 44 5 34544444 1042   
   23302 3   145313225254 33446456 375577334757554443 47565634673634  7 3423524 44322154 24 4013 1 
   32232342123 43255 2336554555445466336 46344 44566643466643755337 34 55 224242354154 331424443 2 
 0 0 401200 4 33 235 343445 3432564543433 6373 4655565435774676 36 33553262 34342435 4134324 0 000 
 2022 32143422231144444  234 225634644546356 45343463346544333 64635222  2  22452 2422434 30  033  
 12 20324020443 3554135 55633 654222 5345555655 4533535464 45  3425355545 3 323433211312 421123 4  
  2201202000 231122 15125 2424625443344 5336  4433764354546  43 4552354334453 4311 4212330403302   
 0220022 22 20234132411214 243 336 35234265 5 46533 736    3345633345 455543512143 2331400 2303133 
   001320330302 1 43553241422422422 3522353343535  5 4436324344226425 242 31335513421 30341 10320  
 1 1310 040110 04 2 54241553255 2 42646 33364323565455323 4 56642 2242454514 142343132 4331303 303 
  12111 2003310021 3215255331122 32562 362465244 25533422332 33 3445445154 25331441 220400420 1320 
 12320130 22410131322 14243524545 324 543566 446335525 235523 53424 54423532431 112240302 303 120  
  33 22331120 242043 2412 3424143243 543  26434246454625 3324424 523543 3344321322402 1304 11 222  
   3022133332 02220024 24211424 41452 23556634 524 3 244425332 35314434   4  4324 13 001220112220  
 02 10030210 104 000111  3   3444131333333  3342  42  25535225 2533443 3 14423 20 0221  2 030101   
  012002 231001 30 21410113431 4241521233215133 25 4 531353212114  244431212203 30200120202300322  
 1002  2 12132212130330 2332332  321224455333332 4 322323215223451 25 32 2222330 0  001030  01 202 
 0  2202100 23101123 3 030304 24 412 354112321321423 2533 213 41111 143313 00 4431  1111101 21 1 0 
  212 1 1 3 0222 10033112 3  01224  2 141 343142141 2334 2 45 321  2  3 03 0 214 220 0130001021  0 
  2 101   21    1 3 1   0    024  1 121 4   5  21322   4          2 4   030 0   21 11 1 2  0   1 1 
                                                                                                   
